4294967278,42
4294967278,43
4294967279,296
4294967279,273
4294967279,259
4294967278,46
4294967278,45
4294967278,44
4294967279,294
4294967278,51
4294967278,50
4294967278,49
4294967278,48
4294967278,47
4294967279,65
4294967279,63
4294967279,62
4294967279,61
4294967279,58
4294967279,57
4294967279,55
4294967279,53
4294967279,52
4294967279,51
4294967279,50
4294967279,49
4294967279,47
4294967279,46
4294967279,45
4294967279,44
4294967279,43
4294967279,42
4294967279,41
4294967279,39
4294967279,37
4294967279,35
4294967279,33
4294967279,32
4294967279,31
4294967279,29
4294967279,27
4294967279,26
4294967279,24
4294967279,23
4294967279,21
4294967279,20
4294967279,18
4294967279,17
4294967279,15
4294967279,13
4294967279,12
4294967279,10
4294967279,9
4294967279,295
4294967279,256
4294967279,255
4294967294,39
4294967294,42
4294967294,76
4294967294,424
4294967294,1416
4294967294,417
4294967294,51
4294967279,254
4294967278,132
4294967278,131
4294967278,128
4294967278,127
4294967278,126
4294967278,122
4294967278,120
4294967278,119
4294967278,118
4294967278,117
4294967278,116
4294967278,174
4294967278,111
4294967278,109
4294967278,108
4294967278,107
4294967278,106
4294967278,105
4294967278,104
4294967278,101
4294967278,99
4294967278,98
4294967278,97
4294967278,96
4294967278,95
4294967278,94
4294967278,93
4294967278,92
4294967278,90
4294967278,86
4294967278,84
4294967278,83
4294967278,81
4294967278,80
4294967278,79
4294967278,78
4294967278,77
4294967278,75
4294967278,72
4294967278,70
4294967278,69
4294967278,68
4294967278,67
4294967278,66
4294967278,65
4294967278,64
4294967278,63
4294967278,62
4294967278,61
4294967278,314
4294967278,60
4294967278,59
4294967278,58
4294967278,57
4294967278,56
4294967278,313
4294967278,55
4294967278,54
4294967278,53
4294967278,52
4294967279,64
4294967279,60
4294967279,59
4294967279,56
4294967279,307
4294967279,54
4294967279,305
4294967279,48
4294967279,40
4294967279,38
4294967279,36
4294967279,34
4294967279,541
4294967279,287
4294967279,30
4294967279,28
4294967279,174
4294967279,260
4294967279,299
4294967279,25
4294967279,22
4294967279,19
4294967279,16
4294967279,14
4294967279,11
4294967279,8
4294967279,7
4294967279,6
4294967279,5
4294967279,4
4294967279,253
4294967278,258
4294967279,558
4294967294,202
4294967278,257
4294967294,83
4294967294,88
4294967279,557
4294967278,366
4294967278,130
4294967279,556
4294967278,365
4294967278,347
4294967278,0
4294967278,129
4294967279,555
4294967294,30
4294967294,142
4294967294,141
4294967294,139
4294967294,138
4294967294,133
4294967294,1016
4294967294,992
4294967294,990
4294967294,989
4294967294,988
4294967294,987
4294967294,60
4294967278,346
4294967294,12
4294967279,554
4294967294,11
4294967294,68
4294967278,345
4294967278,364
4294967278,125
4294967294,5
4294967278,115
4294967278,225
4294967278,363
4294967278,124
4294967279,553
4294967278,362
4294967278,123
4294967278,253
4294967294,469
4294967279,552
4294967278,121
4294967278,250
4294967278,251
4294967278,248
4294967278,246
4294967278,238
4294967278,244
42,7
42,6
4294967278,242
42,5
42,4
4294967278,240
42,3
42,2
42,1
4294967278,239
4294967278,361
4294967278,114
4294967294,146
4294967294,395
4294967294,1415
4294967294,399
4294967294,385
4294967294,178
4294967294,179
4294967294,407
4294967294,1014
4294967294,167
4294967294,398
4294967294,183
4294967294,451
4294967294,118
4294967294,416
4294967279,551
4294967278,113
4294967278,342
4294967279,550
4294967278,112
4294967278,235
4294967294,8
4294967278,232
4294967294,7
4294967278,110
4294967278,230
4294967278,231
4294967278,228
4294967278,226
4294967278,224
4294967278,222
4294967278,220
4294967278,103
4294967278,217
4294967278,102
4294967278,214
4294967278,215
4294967278,213
4294967278,100
4294967278,212
4294967278,341
4294967278,211
4294967278,209
4294967278,208
4294967278,207
4294967278,91
4294967294,999
4294967294,437
4294967294,128
4294967294,186
0,5
4294967278,205
4294967278,204
4294967278,326
4294967294,205
4294967278,203
4294967294,199
4294967279,549
4294967294,81
4294967294,389
4294967294,120
4294967294,115
4294967278,360
4294967278,89
4294967279,548
4294967294,470
4294967278,200
4294967278,359
4294967278,87
4294967279,547
4294967278,199
4294967294,1419
4294967294,1418
4294967294,393
4294967278,358
4294967278,85
4294967279,546
4294967278,197
4294967278,82
4294967278,323
38,5
4294967278,194
38,4
38,3
38,2
38,1
4294967278,193
4294967294,107
4294967278,191
4294967278,190
4294967278,357
4294967278,76
4294967294,2
4294967294,0
